1653035598317 0.5247482895309418 0
1653035611089 0.5260963823429842 0
1653035619212 0.5279640278303311 0
1653035625009 0.4585430100715576 0
1653035630579 0.4531841296383128 0
1653035637084 0.5247482895309418 0
1653035642955 0.5260963823429842 0
1653035647640 0.5279640278303311 0
1653035651947 0.4585430100715576 0
1653035657038 0.4531841296383128 0
1653035663019 0.5239749261738552 0
1653035668533 0.5198221595017163 0
1653035674166 0.5313471448949247 0
1653035680220 0.4488745084087347 0
1653035685339 0.4305829963481004 0
1653035689921 0.524045241597564 0
1653035695168 0.50827670889791 0
1653035700046 0.5257858624746252 0
1653035705644 0.43088620287932616 0
1653035712890 0.4029407037517827 0
1653035719843 0.5124595811028757 0
1653035725514 0.5066031247574786 0
1653035731078 0.5244551911433796 0
1653035737457 0.43088620287932616 0
1653035743546 0.4011944157316759 0
