1653035598317 0.6846060782957122 0
1653035611089 0.6818266801380959 0
1653035619212 0.6846035376875331 0
1653035625009 0.685909457757962 0
1653035630579 0.6866821398673392 0
1653035637084 0.6846060949626923 0
1653035642955 0.6818267065849842 0
1653035647640 0.6846037130589856 0
1653035651947 0.6859091419157024 0
1653035657038 0.6866820362592654 0
1653035663019 0.6847806241738289 0
1653035668533 0.682371200323552 0
1653035674166 0.6847762345269706 0
1653035680220 0.6861597913302018 0
1653035685339 0.6869673579608299 0
1653035689921 0.6855401023149466 0
1653035695168 0.6850851801862106 0
1653035700046 0.6855205970928884 0
1653035705644 0.6872348595611205 0
1653035712890 0.6883732194066919 0
1653035719843 0.6856631450790621 0
1653035725514 0.6853096913525543 0
1653035731078 0.6856249374749777 0
1653035737457 0.6873303567939785 0
1653035743546 0.6885844814906232 0
