1653035598317 0.5735112499526777 0
1653035611089 0.5609222332166962 0
1653035619212 0.5584913026698828 0
1653035625009 0.5599084281684029 0
1653035630579 0.5417454252756898 0
1653035637084 0.5735112499526777 0
1653035642955 0.5609222332166962 0
1653035647640 0.5584913026698828 0
1653035651947 0.5599084281684029 0
1653035657038 0.5417454252756898 0
1653035663019 0.5738330747579151 0
1653035668533 0.5548152370149741 0
1653035674166 0.5377087805723152 0
1653035680220 0.566431044077307 0
1653035685339 0.5167705928924274 0
1653035689921 0.5761109393481668 0
1653035695168 0.5549871643269271 0
1653035700046 0.5316223619194311 0
1653035705644 0.5721577732750918 0
1653035712890 0.4977590699883005 0
1653035719843 0.5669048008483253 0
1653035725514 0.5574892638651028 0
1653035731078 0.5303551548294277 0
1653035737457 0.5721577732750918 0
1653035743546 0.4956748218069737 0
