1653035603954 0.5715883668903803 0
1653035613069 0.5648769574944071 0
1653035620217 0.5604026845637584 0
1653035626227 0.5575418994413408 0
1653035631686 0.5486033519553073 0
1653035638239 0.5715883668903803 0
1653035644045 0.5648769574944071 0
1653035648441 0.5604026845637584 0
1653035652798 0.5575418994413408 0
1653035658311 0.5486033519553073 0
1653035664068 0.5715883668903803 0
1653035669703 0.5604026845637584 0
1653035675308 0.5436241610738255 0
1653035681392 0.5575418994413408 0
1653035686490 0.5407821229050279 0
1653035690749 0.5727069351230425 0
1653035696205 0.5592841163310962 0
1653035701003 0.5380313199105146 0
1653035706626 0.5553072625698324 0
1653035714136 0.5396648044692738 0
1653035720919 0.5659955257270693 0
1653035726591 0.5604026845637584 0
1653035732336 0.5369127516778524 0
1653035738885 0.5553072625698324 0
1653035745253 0.5396648044692738 0
