1653035598317 0.5715883668903803 0
1653035611089 0.5648769574944071 0
1653035619212 0.5604026845637584 0
1653035625009 0.5575418994413408 0
1653035630579 0.5486033519553073 0
1653035637084 0.5715883668903803 0
1653035642955 0.5648769574944071 0
1653035647640 0.5604026845637584 0
1653035651947 0.5575418994413408 0
1653035657038 0.5486033519553073 0
1653035663019 0.5715883668903803 0
1653035668533 0.5604026845637584 0
1653035674166 0.5436241610738255 0
1653035680220 0.5575418994413408 0
1653035685339 0.5407821229050279 0
1653035689921 0.5727069351230425 0
1653035695168 0.5592841163310962 0
1653035700046 0.5380313199105146 0
1653035705644 0.5553072625698324 0
1653035712890 0.5396648044692738 0
1653035719843 0.5659955257270693 0
1653035725514 0.5604026845637584 0
1653035731078 0.5369127516778524 0
1653035737457 0.5553072625698324 0
1653035743546 0.5396648044692738 0
