1653035598317 0.5537846898394374 0
1653035611089 0.5677765734882666 0
1653035619212 0.55911047634374 0
1653035625009 0.5393197278911565 0
1653035630579 0.5443569078450904 0
1653035637084 0.5537998134751594 0
1653035642955 0.5677715322763592 0
1653035647640 0.5590702446089475 0
1653035651947 0.5395968757873519 0
1653035657038 0.5443317536498737 0
1653035663019 0.553174703198649 0
1653035668533 0.567297658357069 0
1653035674166 0.559718981332475 0
1653035680220 0.5388007054673721 0
1653035685339 0.5437481763208467 0
1653035689921 0.54937867063242 0
1653035695168 0.5537670455977617 0
1653035700046 0.5550168973286128 0
1653035705644 0.526480221718317 0
1653035712890 0.5245605562095645 0
1653035719843 0.5490862803417942 0
1653035725514 0.5532175534998613 0
1653035731078 0.5558416478918571 0
1653035737457 0.5266011589821114 0
1653035743546 0.5221105375954602 0
